image_width: 1280
image_height: 960
camera_name: narrow_stereo
camera_matrix:
  rows: 3
  cols: 3
  data: [495.830175, 0, 712.968348, 0, 472.533063, 473.9084, 0, 0, 1]
distortion_model: plumb_bob
distortion_coefficients:
  rows: 1
  cols: 5
  data: [-0.268262, 0.049089, 0.0115, -0.005942999999999999, 0]
rectification_matrix:
  rows: 3
  cols: 3
  data: [1, 0, 0, 0, 1, 0, 0, 0, 1]
projection_matrix:
  rows: 3
  cols: 4
  data: [348.121521, 0, 696.1763529999999, 0, 0, 329.820709, 489.393137, 0, 0, 0, 1, 0]